10000      
20     
0.0 499.0 0.0 0.0 0.0 0.0 100.0
500.0 999.0 0.0 0.0 0.0 0.060120240480962 100.0
1000.0 1499.0 0.0 0.0 0.0 0.340681362725451 130.0
1500.0 1999.0 0.0 0.0 0.0 -0.050100200400802 300.0
2000.0 2499.0 0.0 0.0 0.00.0 275.0
2500.0 2999.0 0.0 0.0 0.0 -0.190380761523046 275.0
3000.0 3499.0 0.0 0.0 0.0 0.040080160320641 180.0
3500.0 3999.0 0.0 0.0 0.00.0 200.0
4000.0 4499.0 0.0 0.0 0.0 0.30060120240481 200.0
4500.0 4999.0 0.0 0.0 0.00.0 350.0
5000.0 5499.0 0.0 0.0 0.0 0.100200400801603 350.0
5500.0 5999.0 0.0 0.0 0.0 -0.030060120240481 400.0
6000.0 6499.0 0.0 0.0 0.00.0 385.0
6500.0 6999.0 0.0 0.0 0.0 -0.250501002004008 385.0
7000.0 7499.0 0.0 0.0 0.00.0 260.0
7500.0 7999.0 0.0 0.0 0.0 0.280561122244489 260.0
8000.0 8499.0 0.0 0.0 0.00.0 400.0
8500.0 8999.0 0.0 0.0 0.0 -0.380761523046092 400.0
9000.0 9499.0 0.0 0.0 0.0 -0.020040080160321 210.0
9500.0 9999.0 0.0 0.0 0.0 -0.200400801603206 200.0

