10000 1200  
70   
0 1150 800 50
650 950 400 30
1500 1150 600 50
2200 950 300 30
2650 800 200 30
3000 1150 300 50
3500 1000 300 30
3950 1150 300 50
4100 850 200 30
4600 950 350 30
5000 850 200 30
5400 1030 300 30
6000 1030 300 30
6400 1150 400 50
6900 950 250 30
7300 1100 500 30
7500 850 200 30
7850 970 350 30
8100 800 400 30
8800 1150 500 50
9300 1050 200 30
9600 800 400 30
0 675 800 50
650 475 400 30
1500 675 600 50
1750 625 50 50
2200 475 300 30
2650 325 200 30
3000 675 300 50
3500 525 300 30
3950 675 300 50
4150 625 50 50
4100 375 200 30
4600 475 350 30
5000 375 200 30
5400 555 300 30
6000 555 300 30
6400 675 400 50
6900 475 250 30
7300 625 500 30
7500 375 200 30
7850 495 350 30
8100 325 400 30
8800 675 500 50
9300 575 200 30
9600 325 400 30
0 0 1000 30
1000 0 1000 30
2000 0 1000 30
3000 0 1000 30
4000 0 1000 30
5000 0 1000 30
6000 0 1000 30
7000 0 1000 30
8000 0 1000 30
9000 0 1000 30
600 0 25 300
1400 0 25 270
2100 0 25 250
3000 0 25 200
3700 0 25 290
4200 0 25 180
5900 0 25 240
6300 0 25 300
6600 0 25 250
7100 0 25 200
7800 0 25 150
8650 0 25 190
9100 0 25 230
9450 0 25 270

