10000
50
0 550 300 50
0 550 300 50
400 550 300 50
800 550 300 50
1200 550 300 50
1600 550 300 50
2000 550 300 50
2400 550 300 50
2800 550 300 50
3200 550 300 50
3600 550 300 50
4000 550 300 50
4400 550 300 50
4800 550 300 50
5200 550 300 50
5600 550 300 50
6000 550 300 50
6400 550 300 50
6800 550 300 50
7200 550 300 50
7600 550 300 50
8000 550 300 50
8400 550 300 50
8800 550 300 50
9200 550 300 50
9600 550 300 50
200 350 300 50
600 350 300 50
1000 350 300 50
1400 350 300 50
1800 350 300 50
2200 350 300 50
2600 350 300 50
3000 350 300 50
3400 350 300 50
3800 350 300 50
4200 350 300 50
4600 350 300 50
5000 350 300 50
5400 350 300 50
5800 350 300 50
6200 350 300 50
6600 350 300 50
7000 350 300 50
7400 350 300 50
7800 350 300 50
8200 350 300 50
8600 350 300 50
9000 350 300 50
9400 350 300 50
9800 350 300 50

